Listening to port 4567
Connected!!!
--------------------------------------------------------------
--------------Start new iteration-----------------------------
--------------------------------------------------------------
initialize values
Prediction at timestamp1254676672 with delta_t = 0
Start prediction step
x_ = 
0.312243
0.312243
       1
       1
       0
X_aug = 
0.312243
0.312243
       1
       1
       0
       0
       0
P_ = 
1 0 0 0 0
0 1 0 0 0
0 0 1 0 0
0 0 0 1 0
0 0 0 0 1
P_aug =
       1        0        0        0        0        0        0
       0        1        0        0        0        0        0
       0        0        1        0        0        0        0
       0        0        0        1        0        0        0
       0        0        0        0        1        0        0
       0        0        0        0        0        9        0
       0        0        0        0        0        0 0.394384
Lambda = 
-4
n_aug_= 7
L = 
    1     0     0     0     0     0     0
    0     1     0     0     0     0     0
    0     0     1     0     0     0     0
    0     0     0     1     0     0     0
    0     0     0     0     1     0     0
    0     0     0     0     0     3     0
    0     0     0     0     0     0 0.628
Xsig_aug = 
 0.312243   2.04429  0.312243  0.312243  0.312243  0.312243  0.312243  0.312243  -1.41981  0.312243  0.312243  0.312243  0.312243  0.312243  0.312243
 0.312243  0.312243   2.04429  0.312243  0.312243  0.312243  0.312243  0.312243  0.312243  -1.41981  0.312243  0.312243  0.312243  0.312243  0.312243
        1         1         1   2.73205         1         1         1         1         1         1 -0.732051         1         1         1         1
        1         1         1         1   2.73205         1         1         1         1         1         1 -0.732051         1         1         1
        0         0         0         0         0   1.73205         0         0         0         0         0         0  -1.73205         0         0
        0         0         0         0         0         0   5.19615         0         0         0         0         0         0  -5.19615         0
        0         0         0         0         0         0         0   1.08773         0         0         0         0         0         0  -1.08773
delta_t =0
Print values of predicted px and pt without noise
px_p = 
0.312243
py_p = 
0.312243
Print values of predicted px and pt without noise
px_p = 
2.04429
py_p = 
0.312243
Print values of predicted px and pt without noise
px_p = 
0.312243
py_p = 
2.04429
Print values of predicted px and pt without noise
px_p = 
0.312243
py_p = 
0.312243
Print values of predicted px and pt without noise
px_p = 
0.312243
py_p = 
0.312243
Print values of predicted px and pt without noise
px_p = 
0.312243
py_p = 
0.312243
Print values of predicted px and pt without noise
px_p = 
0.312243
py_p = 
0.312243
Print values of predicted px and pt without noise
px_p = 
0.312243
py_p = 
0.312243
Print values of predicted px and pt without noise
px_p = 
-1.41981
py_p = 
0.312243
Print values of predicted px and pt without noise
px_p = 
0.312243
py_p = 
-1.41981
Print values of predicted px and pt without noise
px_p = 
0.312243
py_p = 
0.312243
Print values of predicted px and pt without noise
px_p = 
0.312243
py_p = 
0.312243
Print values of predicted px and pt without noise
px_p = 
0.312243
py_p = 
0.312243
Print values of predicted px and pt without noise
px_p = 
0.312243
py_p = 
0.312243
Print values of predicted px and pt without noise
px_p = 
0.312243
py_p = 
0.312243
Xsig_pred = 
 0.312243   2.04429  0.312243  0.312243  0.312243  0.312243  0.312243  0.312243  -1.41981  0.312243  0.312243  0.312243  0.312243  0.312243  0.312243
 0.312243  0.312243   2.04429  0.312243  0.312243  0.312243  0.312243  0.312243  0.312243  -1.41981  0.312243  0.312243  0.312243  0.312243  0.312243
        1         1         1   2.73205         1         1         1         1         1         1 -0.732051         1         1         1         1
        1         1         1         1   2.73205         1         1         1         1         1         1 -0.732051         1         1         1
        0         0         0         0         0   1.73205         0         0         0         0         0         0  -1.73205         0         0
lambda = -4
n_aug = 7
calculate weights = 
-1.33333
0.166667
0.166667
0.166667
0.166667
0.166667
0.166667
0.166667
0.166667
0.166667
0.166667
0.166667
0.166667
0.166667
0.166667
Predicted state mean =
0.312243
0.312243
       1
       1
       0
P_ =
           1 -1.43803e-32 -1.64346e-32 -1.84889e-32            0
-1.43803e-32            1 -4.10865e-33 -6.16298e-33            0
-1.64346e-32 -4.10865e-33            1 -6.16298e-33            0
-1.84889e-32 -6.16298e-33 -6.16298e-33            1            0
           0            0            0            0            1
End of Prediction step

Estimated value of px and py =
px = 0.312243
p_y =0.312243
RMSE 
0.287757
0.287757
 4.65963
0.841471
--------------------------------------------------------------
--------------Start new iteration-----------------------------
--------------------------------------------------------------
Prediction at timestamp1254726672 with delta_t = 0.05
Start prediction step
x_ = 
0.312243
0.312243
       1
       1
       0
X_aug = 
0.312243
0.312243
       1
       1
       0
       0
       0
P_ = 
           1 -1.43803e-32 -1.64346e-32 -1.84889e-32            0
-1.43803e-32            1 -4.10865e-33 -6.16298e-33            0
-1.64346e-32 -4.10865e-33            1 -6.16298e-33            0
-1.84889e-32 -6.16298e-33 -6.16298e-33            1            0
           0            0            0            0            1
P_aug =
           1 -1.43803e-32 -1.64346e-32 -1.84889e-32            0            0            0
-1.43803e-32            1 -4.10865e-33 -6.16298e-33            0            0            0
-1.64346e-32 -4.10865e-33            1 -6.16298e-33            0            0            0
-1.84889e-32 -6.16298e-33 -6.16298e-33            1            0            0            0
           0            0            0            0            1            0            0
           0            0            0            0            0            9            0
           0            0            0            0            0            0     0.394384
Lambda = 
-4
n_aug_= 7
L = 
           1            0            0            0            0            0            0
-1.43803e-32            1            0            0            0            0            0
-1.64346e-32 -4.10865e-33            1            0            0            0            0
-1.84889e-32 -6.16298e-33 -6.16298e-33            1            0            0            0
           0            0            0            0            1            0            0
           0            0            0            0            0            3            0
           0            0            0            0            0            0        0.628
Xsig_aug = 
 0.312243   2.04429  0.312243  0.312243  0.312243  0.312243  0.312243  0.312243  -1.41981  0.312243  0.312243  0.312243  0.312243  0.312243  0.312243
 0.312243  0.312243   2.04429  0.312243  0.312243  0.312243  0.312243  0.312243  0.312243  -1.41981  0.312243  0.312243  0.312243  0.312243  0.312243
        1         1         1   2.73205         1         1         1         1         1         1 -0.732051         1         1         1         1
        1         1         1         1   2.73205         1         1         1         1         1         1 -0.732051         1         1         1
        0         0         0         0         0   1.73205         0         0         0         0         0         0  -1.73205         0         0
        0         0         0         0         0         0   5.19615         0         0         0         0         0         0  -5.19615         0
        0         0         0         0         0         0         0   1.08773         0         0         0         0         0         0  -1.08773
delta_t =0.05
Print values of predicted px and pt without noise
px_p = 
0.339258
py_p = 
0.354316
Print values of predicted px and pt without noise
px_p = 
2.07131
py_p = 
0.354316
Print values of predicted px and pt without noise
px_p = 
0.339258
py_p = 
2.08637
Print values of predicted px and pt without noise
px_p = 
0.386049
py_p = 
0.42719
Print values of predicted px and pt without noise
px_p = 
0.266378
py_p = 
0.332152
Print values of predicted px and pt without noise
px_p = 
0.327226
py_p = 
0.355433
Print values of predicted px and pt without noise
px_p = 
0.339258
py_p = 
0.354316
Print values of predicted px and pt without noise
px_p = 
0.339258
py_p = 
0.354316
Print values of predicted px and pt without noise
px_p = 
-1.39279
py_p = 
0.354316
Print values of predicted px and pt without noise
px_p = 
0.339258
py_p = 
-1.37773
Print values of predicted px and pt without noise
px_p = 
0.292466
py_p = 
0.281443
Print values of predicted px and pt without noise
px_p = 
0.349433
py_p = 
0.278823
Print values of predicted px and pt without noise
px_p = 
0.297259
py_p = 
0.353095
Print values of predicted px and pt without noise
px_p = 
0.339258
py_p = 
0.354316
Print values of predicted px and pt without noise
px_p = 
0.339258
py_p = 
0.354316
Xsig_pred = 
  0.339258    2.07131   0.339258   0.386049   0.266378   0.327226   0.342767   0.339258   -1.39279   0.339258   0.292466   0.349433   0.297259   0.335748   0.339258
  0.354316   0.354316    2.08637    0.42719   0.332152   0.355433   0.359782   0.354316   0.354316   -1.37773   0.281443   0.278823   0.353095   0.348851   0.354316
         1          1          1    2.73205          1          1    1.25981          1          1          1  -0.732051          1          1   0.740192          1
         1          1          1          1    2.73205     1.0866          1    1.00136          1          1          1  -0.732051   0.913397          1    0.99864
         0          0          0          0          0    1.73205          0  0.0543864          0          0          0          0   -1.73205          0 -0.0543864
lambda = -4
n_aug = 7
calculate weights = 
-1.33333
0.166667
0.166667
0.166667
0.166667
0.166667
0.166667
0.166667
0.166667
0.166667
0.166667
0.166667
0.166667
0.166667
0.166667
Predicted state mean =
    0.319802
    0.338022
           1
           1
-2.25514e-17
P_ =
     1.00158  0.000973513     0.027319   -0.0235435   0.00865075
 0.000973513      1.00255    0.0425469    0.0154286  0.000674956
    0.027319    0.0425469       1.0225   3.9289e-32 -8.47409e-33
  -0.0235435    0.0154286   3.9289e-32       1.0025    0.0500246
  0.00865075  0.000674956 -2.04149e-32    0.0500246      1.00099
End of Prediction step
Preform radar update
 Entering UpdateRadar step
Xsig_pred  0.339258    2.07131   0.339258   0.386049   0.266378   0.327226   0.342767   0.339258   -1.39279   0.339258   0.292466   0.349433   0.297259   0.335748   0.339258
  0.354316   0.354316    2.08637    0.42719   0.332152   0.355433   0.359782   0.354316   0.354316   -1.37773   0.281443   0.278823   0.353095   0.348851   0.354316
         1          1          1    2.73205          1          1    1.25981          1          1          1  -0.732051          1          1   0.740192          1
         1          1          1          1    2.73205     1.0866          1    1.00136          1          1          1  -0.732051   0.913397          1    0.99864
         0          0          0          0          0    1.73205          0  0.0543864          0          0          0          0   -1.73205          0 -0.0543864
Covert to radar values 0.490546   2.10139   2.11377  0.575782  0.425772  0.483125  0.496923  0.490546   1.43715   1.41889   0.40589  0.447041  0.461561  0.484173  0.490546
 0.807106  0.169419    1.4096  0.835943  0.894853  0.826693  0.809612  0.807106   2.89248  -1.32936  0.766193  0.673477  0.871042  0.804534  0.807106
 0.981454  0.674447   0.91728   2.69537 -0.263262  0.966413   1.23704  0.981192 -0.316168 -0.687877 -0.712133  0.164517  0.999103  0.726097  0.981713
Predicted output 1.31803
0.796976
0.085351
Measurement covariance maxtrix    0.483445 -0.000698523       0.2468
-0.000698523      1.61914     0.180645
      0.2468     0.180645      1.31739
Measurement covariance maxtrix iwth noise    0.573445 -0.000698523       0.2468
-0.000698523      1.62004     0.180645
      0.2468     0.180645      1.40739
Incoming radar values 1.01489
0.554329
 4.89281
End of updateRadar step
x_=   1.51501
   1.35849
    4.7776
  0.495452
-0.0428117
Process covariance maxtrix =  0.468667   0.229396  -0.215971  0.0400878 0.00271089
  0.229396   0.450612  -0.234288  0.0191321 0.00728324
 -0.215971  -0.234288   0.264898  0.0982461 0.00782035
 0.0400878  0.0191321  0.0982461   0.987077  0.0495149
0.00271089 0.00728324 0.00782035  0.0495149    1.00073

Estimated value of px and py =
px = 1.51501
p_y =1.35849
RMSE 
0.505886
0.573606
 3.36938
 1.71161
--------------------------------------------------------------
--------------Start new iteration-----------------------------
--------------------------------------------------------------
Prediction at timestamp1254776672 with delta_t = 0.05
Start prediction step
x_ = 
   1.51501
   1.35849
    4.7776
  0.495452
-0.0428117
X_aug = 
   1.51501
   1.35849
    4.7776
  0.495452
-0.0428117
         0
         0
P_ = 
  0.468667   0.229396  -0.215971  0.0400878 0.00271089
  0.229396   0.450612  -0.234288  0.0191321 0.00728324
 -0.215971  -0.234288   0.264898  0.0982461 0.00782035
 0.0400878  0.0191321  0.0982461   0.987077  0.0495149
0.00271089 0.00728324 0.00782035  0.0495149    1.00073
P_aug =
  0.468667   0.229396  -0.215971  0.0400878 0.00271089          0          0
  0.229396   0.450612  -0.234288  0.0191321 0.00728324          0          0
 -0.215971  -0.234288   0.264898  0.0982461 0.00782035          0          0
 0.0400878  0.0191321  0.0982461   0.987077  0.0495149          0          0
0.00271089 0.00728324 0.00782035  0.0495149    1.00073          0          0
         0          0          0          0          0          9          0
         0          0          0          0          0          0   0.394384
Lambda = 
-4
n_aug_= 7
L = 
    0.684592            0            0            0            0            0            0
    0.335084     0.581662            0            0            0            0            0
   -0.315474    -0.221052     0.341336            0            0            0            0
   0.0585572 -0.000841569     0.341404     0.931177            0            0            0
  0.00395986    0.0102402    0.0332026    0.0407614     0.998921            0            0
           0            0            0            0            0            3            0
           0            0            0            0            0            0        0.628
Xsig_aug = 
   1.51501    2.70075    1.51501    1.51501    1.51501    1.51501    1.51501    1.51501   0.329257    1.51501    1.51501    1.51501    1.51501    1.51501    1.51501
   1.35849    1.93887    2.36596    1.35849    1.35849    1.35849    1.35849    1.35849   0.778109   0.351025    1.35849    1.35849    1.35849    1.35849    1.35849
    4.7776    4.23118    4.39473    5.36881     4.7776     4.7776     4.7776     4.7776    5.32402    5.16048    4.18639     4.7776     4.7776     4.7776     4.7776
  0.495452   0.596876   0.493994    1.08678     2.1083   0.495452   0.495452   0.495452   0.394028   0.496909 -0.0958769   -1.11739   0.495452   0.495452   0.495452
-0.0428117  -0.035953  -0.025075  0.0146968  0.0277892    1.68737 -0.0428117 -0.0428117 -0.0496703 -0.0605483   -0.10032  -0.113413   -1.77299 -0.0428117 -0.0428117
         0          0          0          0          0          0    5.19615          0          0          0          0          0          0   -5.19615          0
         0          0          0          0          0          0          0    1.08773          0          0          0          0          0          0   -1.08773
delta_t =0.05
Print values of predicted px and pt without noise
px_p = 
-0.900562
py_p = 
1.47184
Print values of predicted px and pt without noise
px_p = 
-0.174296
py_p = 
2.05763
Print values of predicted px and pt without noise
px_p = 
-2.27066
py_p = 
2.47003
Print values of predicted px and pt without noise
px_p = 
10.2703
py_p = 
1.59614
Print values of predicted px and pt without noise
px_p = 
-8.56654
py_p = 
1.5636
Print values of predicted px and pt without noise
px_p = 
1.57629
py_p = 
1.48079
Print values of predicted px and pt without noise
px_p = 
-0.900562
py_p = 
1.47184
Print values of predicted px and pt without noise
px_p = 
-0.900562
py_p = 
1.47184
Print values of predicted px and pt without noise
px_p = 
-1.61254
py_p = 
0.880002
Print values of predicted px and pt without noise
px_p = 
-0.333723
py_p = 
0.473684
Print values of predicted px and pt without noise
px_p = 
1.71409
py_p = 
1.33793
Print values of predicted px and pt without noise
px_p = 
2.4863
py_p = 
1.14345
Print values of predicted px and pt without noise
px_p = 
1.45668
py_p = 
1.46261
Print values of predicted px and pt without noise
px_p = 
-0.900562
py_p = 
1.47184
Print values of predicted px and pt without noise
px_p = 
-0.900562
py_p = 
1.47184
Xsig_pred = 
 -0.900562  -0.174296   -2.27066    10.2703   -8.56654    1.57629  -0.894848  -0.900562   -1.61254  -0.333723    1.71409     2.4863    1.45668  -0.906276  -0.900562
   1.47184    2.05763    2.47003    1.59614     1.5636    1.48079    1.47493    1.47184   0.880002   0.473684    1.33793    1.14345    1.46261    1.46875    1.47184
    4.7776    4.23118    4.39473    5.36881     4.7776     4.7776    5.03741     4.7776    5.32402    5.16048    4.18639     4.7776     4.7776    4.51779     4.7776
  0.493311   0.595078    0.49274    1.08752    2.10969    0.57982   0.493311   0.494671   0.391544   0.493882  -0.100893   -1.12307   0.406802   0.493311   0.491952
-0.0428117  -0.035953  -0.025075  0.0146968  0.0277892    1.68737 -0.0428117  0.0115747 -0.0496703 -0.0605483   -0.10032  -0.113413   -1.77299 -0.0428117 -0.0971981
lambda = -4
n_aug = 7
calculate weights = 
-1.33333
0.166667
0.166667
0.166667
0.166667
0.166667
0.166667
0.166667
0.166667
0.166667
0.166667
0.166667
0.166667
0.166667
0.166667
Predicted state mean =
   1.35802
   1.42975
    4.7776
  0.493311
-0.0428117
P_ =
   31.0299  -0.215501     0.8362   -2.10393 -0.0176369
 -0.215501   0.470884  -0.208927   0.158805  0.0199096
    0.8362  -0.208927   0.287398  0.0986371 0.00782035
  -2.10393   0.158805  0.0986371   0.994531  0.0995759
-0.0176369  0.0199096 0.00782035  0.0995759    1.00171
End of Prediction step

Estimated value of px and py =
px = 1.35802
p_y =1.42975
RMSE 
0.435317
0.669866
 2.81001
 1.91079
--------------------------------------------------------------
--------------Start new iteration-----------------------------
--------------------------------------------------------------
Prediction at timestamp1254826672 with delta_t = 0.05
Start prediction step
x_ = 
   1.35802
   1.42975
    4.7776
  0.493311
-0.0428117
X_aug = 
   1.35802
   1.42975
    4.7776
  0.493311
-0.0428117
         0
         0
P_ = 
   31.0299  -0.215501     0.8362   -2.10393 -0.0176369
 -0.215501   0.470884  -0.208927   0.158805  0.0199096
    0.8362  -0.208927   0.287398  0.0986371 0.00782035
  -2.10393   0.158805  0.0986371   0.994531  0.0995759
-0.0176369  0.0199096 0.00782035  0.0995759    1.00171
P_aug =
   31.0299  -0.215501     0.8362   -2.10393 -0.0176369          0          0
 -0.215501   0.470884  -0.208927   0.158805  0.0199096          0          0
    0.8362  -0.208927   0.287398  0.0986371 0.00782035          0          0
  -2.10393   0.158805  0.0986371   0.994531  0.0995759          0          0
-0.0176369  0.0199096 0.00782035  0.0995759    1.00171          0          0
         0          0          0          0          0          9          0
         0          0          0          0          0          0   0.394384
Lambda = 
-4
n_aug_= 7
L = 
    5.57044           0           0           0           0           0           0
 -0.0386866    0.685119           0           0           0           0           0
   0.150114   -0.296473    0.420676           0           0           0           0
  -0.377696    0.210464    0.517576    0.734641           0           0           0
-0.00316616   0.0288813    0.040074   0.0974085    0.994875           0           0
          0           0           0           0           0           3           0
          0           0           0           0           0           0       0.628
Xsig_aug = 
   1.35802    11.0063    1.35802    1.35802    1.35802    1.35802    1.35802    1.35802   -8.29027    1.35802    1.35802    1.35802    1.35802    1.35802    1.35802
   1.42975    1.36274    2.61641    1.42975    1.42975    1.42975    1.42975    1.42975    1.49676   0.243091    1.42975    1.42975    1.42975    1.42975    1.42975
    4.7776    5.03761     4.2641    5.50623     4.7776     4.7776     4.7776     4.7776     4.5176    5.29111    4.04897     4.7776     4.7776     4.7776     4.7776
  0.493311  -0.160877   0.857846    1.38978    1.76575   0.493311   0.493311   0.493311     1.1475   0.128776  -0.403156  -0.779124   0.493311   0.493311   0.493311
-0.0428117 -0.0482956 0.00721222  0.0265986   0.125905    1.68036 -0.0428117 -0.0428117 -0.0373277 -0.0928356  -0.112222  -0.211528   -1.76599 -0.0428117 -0.0428117
         0          0          0          0          0          0    5.19615          0          0          0          0          0          0   -5.19615          0
         0          0          0          0          0          0          0    1.08773          0          0          0          0          0          0   -1.08773
delta_t =0.05
Print values of predicted px and pt without noise
px_p = 
-1.05004
py_p = 
1.54265
Print values of predicted px and pt without noise
px_p = 
11.834
py_p = 
1.3221
Print values of predicted px and pt without noise
px_p = 
17.5283
py_p = 
2.77771
Print values of predicted px and pt without noise
px_p = 
3.45426
py_p = 
1.7006
Print values of predicted px and pt without noise
px_p = 
0.564883
py_p = 
1.66396
Print values of predicted px and pt without noise
px_p = 
1.41937
py_p = 
1.55157
Print values of predicted px and pt without noise
px_p = 
-1.05004
py_p = 
1.54265
Print values of predicted px and pt without noise
px_p = 
-1.05004
py_p = 
1.54265
Print values of predicted px and pt without noise
px_p = 
-10.9594
py_p = 
1.70262
Print values of predicted px and pt without noise
px_p = 
0.994236
py_p = 
0.276457
Print values of predicted px and pt without noise
px_p = 
2.02408
py_p = 
1.3498
Print values of predicted px and pt without noise
px_p = 
1.97187
py_p = 
1.26101
Print values of predicted px and pt without noise
px_p = 
1.29964
py_p = 
1.53344
Print values of predicted px and pt without noise
px_p = 
-1.05004
py_p = 
1.54265
Print values of predicted px and pt without noise
px_p = 
-1.05004
py_p = 
1.54265
Xsig_pred = 
  -1.05004     11.834    17.5283    3.45426   0.564883    1.41937   -1.04432   -1.05004   -10.9594   0.994236    2.02408    1.97187    1.29964   -1.05576   -1.05004
   1.54265     1.3221    2.77771     1.7006    1.66396    1.55157    1.54572    1.54265    1.70262   0.276457     1.3498    1.26101    1.53344    1.53957    1.54265
    4.7776    5.03761     4.2641    5.50623     4.7776     4.7776    5.03741     4.7776     4.5176    5.29111    4.04897     4.7776     4.7776    4.51779     4.7776
  0.491171  -0.163292   0.858207    1.39111    1.77204   0.577329   0.491171    0.49253    1.14563   0.124135  -0.408767  -0.789701   0.405012   0.491171   0.489811
-0.0428117 -0.0482956 0.00721222  0.0265986   0.125905    1.68036 -0.0428117  0.0115747 -0.0373277 -0.0928356  -0.112222  -0.211528   -1.76599 -0.0428117 -0.0971981
lambda = -4
n_aug = 7
calculate weights = 
-1.33333
0.166667
0.166667
0.166667
0.166667
0.166667
0.166667
0.166667
0.166667
0.166667
0.166667
0.166667
0.166667
0.166667
0.166667
Predicted state mean =
   5.72189
   1.49478
    4.7776
  0.491171
-0.0428117
P_ =
   65.2453    2.88985  -0.253154   -1.55894   0.128383
   2.88985   0.557578  -0.187692   0.333412  0.0417974
 -0.253154  -0.187692   0.309898  0.0990281 0.00782035
  -1.55894   0.333412  0.0990281    1.00699   0.149686
  0.128383  0.0417974 0.00782035   0.149686     1.0027
End of Prediction step
Preform radar update
 Entering UpdateRadar step
Xsig_pred  -1.05004     11.834    17.5283    3.45426   0.564883    1.41937   -1.04432   -1.05004   -10.9594   0.994236    2.02408    1.97187    1.29964   -1.05576   -1.05004
   1.54265     1.3221    2.77771     1.7006    1.66396    1.55157    1.54572    1.54265    1.70262   0.276457     1.3498    1.26101    1.53344    1.53957    1.54265
    4.7776    5.03761     4.2641    5.50623     4.7776     4.7776    5.03741     4.7776     4.5176    5.29111    4.04897     4.7776     4.7776    4.51779     4.7776
  0.491171  -0.163292   0.858207    1.39111    1.77204   0.577329   0.491171    0.49253    1.14563   0.124135  -0.408767  -0.789701   0.405012   0.491171   0.489811
-0.0428117 -0.0482956 0.00721222  0.0265986   0.125905    1.68036 -0.0428117  0.0115747 -0.0373277 -0.0928356  -0.112222  -0.211528   -1.76599 -0.0428117 -0.0971981
Covert to radar values  1.86611   11.9076    17.747   3.85018   1.75723   2.10285   1.86544   1.86611   11.0909   1.03196   2.43288    2.3406    2.0101   1.86679   1.86611
  2.16843  0.111259  0.157163  0.457485   1.24352  0.829867   2.16497   2.16843   2.98747  0.271208  0.588145  0.568956  0.867736    2.1719   2.16843
-0.507701   4.84893   3.25849    3.2758   4.12572   4.62606 -0.517962 -0.501242  -1.20951   5.23399   2.19818   1.00594   4.27519 -0.495634  -0.51416
Predicted output   8.13449
-0.0984887
    5.6119
Measurement covariance maxtrix  34.6073   6.05783  -19.4443
  6.05783 -0.994019   3.77077
 -19.4443   3.77077  -8.95527
Measurement covariance maxtrix iwth noise  34.6973   6.05783  -19.4443
  6.05783 -0.993119   3.77077
 -19.4443   3.77077  -8.86527
Incoming radar values1.04751
0.38924
4.51132
End of updateRadar step
x_=   4.15039
   1.18732
   4.98779
   0.34278
-0.0230709
Process covariance maxtrix =   44.4202    1.75079   0.447723   0.614074   0.512294
   1.75079   0.324666  -0.072056    0.25944  0.0446148
  0.447723  -0.072056   0.264983  0.0983437 0.00659513
  0.614074    0.25944  0.0983437   0.578556  0.0853113
  0.512294  0.0446148 0.00659513  0.0853113   0.994558

Estimated value of px and py =
px = 4.15039
p_y =1.18732
RMSE 
 1.4356
0.65007
2.44642
1.85255
--------------------------------------------------------------
--------------Start new iteration-----------------------------
--------------------------------------------------------------
Prediction at timestamp1254876672 with delta_t = 0.05
Start prediction step
x_ = 
   4.15039
   1.18732
   4.98779
   0.34278
-0.0230709
X_aug = 
   4.15039
   1.18732
   4.98779
   0.34278
-0.0230709
         0
         0
P_ = 
   44.4202    1.75079   0.447723   0.614074   0.512294
   1.75079   0.324666  -0.072056    0.25944  0.0446148
  0.447723  -0.072056   0.264983  0.0983437 0.00659513
  0.614074    0.25944  0.0983437   0.578556  0.0853113
  0.512294  0.0446148 0.00659513  0.0853113   0.994558
P_aug =
   44.4202    1.75079   0.447723   0.614074   0.512294          0          0
   1.75079   0.324666  -0.072056    0.25944  0.0446148          0          0
  0.447723  -0.072056   0.264983  0.0983437 0.00659513          0          0
  0.614074    0.25944  0.0983437   0.578556  0.0853113          0          0
  0.512294  0.0446148 0.00659513  0.0853113   0.994558          0          0
         0          0          0          0          0          9          0
         0          0          0          0          0          0   0.394384
Lambda = 
-4
n_aug_= 7
L = 
  6.66485         0         0         0         0         0         0
 0.262691  0.505627         0         0         0         0         0
0.0671768 -0.177409  0.478535         0         0         0         0
0.0921362  0.465237  0.365055  0.469421         0         0         0
0.0768651 0.0483025 0.0208989  0.102526  0.987607         0         0
        0         0         0         0         0         3         0
        0         0         0         0         0         0     0.628
Xsig_aug = 
   4.15039    15.6943    4.15039    4.15039    4.15039    4.15039    4.15039    4.15039   -7.39347    4.15039    4.15039    4.15039    4.15039    4.15039    4.15039
   1.18732    1.64231    2.06309    1.18732    1.18732    1.18732    1.18732    1.18732   0.732322   0.311543    1.18732    1.18732    1.18732    1.18732    1.18732
   4.98779    5.10414    4.68051    5.81664    4.98779    4.98779    4.98779    4.98779    4.87144    5.29507    4.15894    4.98779    4.98779    4.98779    4.98779
   0.34278   0.502364    1.14859   0.975073    1.15584    0.34278    0.34278    0.34278   0.183195  -0.463035  -0.289513  -0.470281    0.34278    0.34278    0.34278
-0.0230709   0.110063  0.0605915  0.0131271    0.15451    1.68752 -0.0230709 -0.0230709  -0.156205  -0.106733 -0.0592689  -0.200651   -1.73366 -0.0230709 -0.0230709
         0          0          0          0          0          0    5.19615          0          0          0          0          0          0   -5.19615          0
         0          0          0          0          0          0          0    1.08773          0          0          0          0          0          0   -1.08773
delta_t =0.05
Print values of predicted px and pt without noise
px_p = 
0.671459
py_p = 
1.271
Print values of predicted px and pt without noise
px_p = 
16.708
py_p = 
1.76581
Print values of predicted px and pt without noise
px_p = 
5.85108
py_p = 
2.27671
Print values of predicted px and pt without noise
px_p = 
15.8313
py_p = 
1.4281
Print values of predicted px and pt without noise
px_p = 
4.85278
py_p = 
1.41593
Print values of predicted px and pt without noise
px_p = 
4.19796
py_p = 
1.28094
Print values of predicted px and pt without noise
px_p = 
0.671459
py_p = 
1.271
Print values of predicted px and pt without noise
px_p = 
0.671459
py_p = 
1.271
Print values of predicted px and pt without noise
px_p = 
-7.6741
py_p = 
0.775758
Print values of predicted px and pt without noise
px_p = 
5.17199
py_p = 
0.192655
Print values of predicted px and pt without noise
px_p = 
5.12176
py_p = 
1.12765
Print values of predicted px and pt without noise
px_p = 
4.66829
py_p = 
1.07319
Print values of predicted px and pt without noise
px_p = 
4.1041
py_p = 
1.26086
Print values of predicted px and pt without noise
px_p = 
0.671459
py_p = 
1.271
Print values of predicted px and pt without noise
px_p = 
0.671459
py_p = 
1.271
Xsig_pred = 
  0.671459     16.708    5.85108    15.8313    4.85278    4.19796   0.677576   0.671459    -7.6741    5.17199    5.12176    4.66829     4.1041   0.665342   0.671459
     1.271    1.76581    2.27671     1.4281    1.41593    1.28094    1.27318      1.271   0.775758   0.192655    1.12765    1.07319    1.26086    1.26882      1.271
   4.98779    5.10414    4.68051    5.81664    4.98779    4.98779     5.2476    4.98779    4.87144    5.29507    4.15894    4.98779    4.98779    4.72798    4.98779
  0.341626   0.507867    1.15162   0.975729    1.16357   0.427155   0.341626   0.342986   0.175385  -0.468372  -0.292477  -0.480314   0.256097   0.341626   0.340266
-0.0230709   0.110063  0.0605915  0.0131271    0.15451    1.68752 -0.0230709  0.0313155  -0.156205  -0.106733 -0.0592689  -0.200651   -1.73366 -0.0230709 -0.0774573
lambda = -4
n_aug = 7
calculate weights = 
-1.33333
0.166667
0.166667
0.166667
0.166667
0.166667
0.166667
0.166667
0.166667
0.166667
0.166667
0.166667
0.166667
0.166667
0.166667
Predicted state mean =
   9.35789
   1.25227
   4.98779
  0.341626
-0.0230709
P_ =
   38.0804    2.49331    1.91801    1.92567   0.647315
   2.49331   0.461307  -0.045839   0.387767  0.0687095
   1.91801  -0.045839   0.287483  0.0986735 0.00659513
   1.92567   0.387767  0.0986735   0.589574   0.135064
  0.647315  0.0687095 0.00659513   0.135064   0.995544
End of Prediction step

Estimated value of px and py =
px = 9.35789
p_y =1.25227
RMSE 
3.68269
0.65024
2.19948
 1.8144
--------------------------------------------------------------
--------------Start new iteration-----------------------------
--------------------------------------------------------------
Prediction at timestamp1254926672 with delta_t = 0.05
Start prediction step
x_ = 
   9.35789
   1.25227
   4.98779
  0.341626
-0.0230709
X_aug = 
   9.35789
   1.25227
   4.98779
  0.341626
-0.0230709
         0
         0
P_ = 
   38.0804    2.49331    1.91801    1.92567   0.647315
   2.49331   0.461307  -0.045839   0.387767  0.0687095
   1.91801  -0.045839   0.287483  0.0986735 0.00659513
   1.92567   0.387767  0.0986735   0.589574   0.135064
  0.647315  0.0687095 0.00659513   0.135064   0.995544
P_aug =
   38.0804    2.49331    1.91801    1.92567   0.647315          0          0
   2.49331   0.461307  -0.045839   0.387767  0.0687095          0          0
   1.91801  -0.045839   0.287483  0.0986735 0.00659513          0          0
   1.92567   0.387767  0.0986735   0.589574   0.135064          0          0
  0.647315  0.0687095 0.00659513   0.135064   0.995544          0          0
         0          0          0          0          0          9          0
         0          0          0          0          0          0   0.394384
Lambda = 
-4
n_aug_= 7
L = 
   6.17093          0          0          0          0          0          0
  0.404042   0.545946          0          0          0          0          0
  0.310813  -0.313988   0.303791          0          0          0          0
  0.312055   0.479322    0.50095   0.107215          0          0          0
  0.104897   0.048222 -0.0357722   0.905998   0.400129          0          0
         0          0          0          0          0          3          0
         0          0          0          0          0          0      0.628
Xsig_aug = 
   9.35789    20.0463    9.35789    9.35789    9.35789    9.35789    9.35789    9.35789   -1.33047    9.35789    9.35789    9.35789    9.35789    9.35789    9.35789
   1.25227    1.95209    2.19787    1.25227    1.25227    1.25227    1.25227    1.25227   0.552446    0.30666    1.25227    1.25227    1.25227    1.25227    1.25227
   4.98779    5.52613    4.44395    5.51397    4.98779    4.98779    4.98779    4.98779    4.44945    5.53163    4.46161    4.98779    4.98779    4.98779    4.98779
  0.341626   0.882121    1.17184     1.2093   0.527328   0.341626   0.341626   0.341626  -0.198869  -0.488584  -0.526044   0.155925   0.341626   0.341626   0.341626
-0.0230709   0.158617  0.0604519 -0.0850303    1.54616   0.669974 -0.0230709 -0.0230709  -0.204759  -0.106594  0.0388884   -1.59231  -0.716115 -0.0230709 -0.0230709
         0          0          0          0          0          0    5.19615          0          0          0          0          0          0   -5.19615          0
         0          0          0          0          0          0          0    1.08773          0          0          0          0          0          0   -1.08773
delta_t =0.05
Print values of predicted px and pt without noise
px_p = 
5.88916
py_p = 
1.33568
Print values of predicted px and pt without noise
px_p = 
20.9963
py_p = 
2.16611
Print values of predicted px and pt without noise
px_p = 
10.9139
py_p = 
2.40275
Print values of predicted px and pt without noise
px_p = 
8.08282
py_p = 
1.50994
Print values of predicted px and pt without noise
px_p = 
9.43082
py_p = 
1.38597
Print values of predicted px and pt without noise
px_p = 
9.47734
py_p = 
1.33974
Print values of predicted px and pt without noise
px_p = 
5.88916
py_p = 
1.33568
Print values of predicted px and pt without noise
px_p = 
5.88916
py_p = 
1.33568
Print values of predicted px and pt without noise
px_p = 
-1.11887
py_p = 
0.507378
Print values of predicted px and pt without noise
px_p = 
10.4699
py_p = 
0.176189
Print values of predicted px and pt without noise
px_p = 
6.76849
py_p = 
1.14044
Print values of predicted px and pt without noise
px_p = 
9.33378
py_p = 
1.28115
Print values of predicted px and pt without noise
px_p = 
9.24614
py_p = 
1.33159
Print values of predicted px and pt without noise
px_p = 
5.88916
py_p = 
1.33568
Print values of predicted px and pt without noise
px_p = 
5.88916
py_p = 
1.33568
Xsig_pred = 
   5.88916    20.9963    10.9139    8.08282    9.43082    9.47734    5.89528    5.88916   -1.11887    10.4699    6.76849    9.33378    9.24614    5.88304    5.88916
   1.33568    2.16611    2.40275    1.50994    1.38597    1.33974    1.33786    1.33568   0.507378   0.176189    1.14044    1.28115    1.33159    1.33351    1.33568
   4.98779    5.52613    4.44395    5.51397    4.98779    4.98779     5.2476    4.98779    4.44945    5.53163    4.46161    4.98779    4.98779    4.72798    4.98779
  0.340473   0.890052    1.17486    1.20505   0.604636   0.375125   0.340473   0.341832  -0.209106  -0.493914    -0.5241  0.0763093    0.30582   0.340473   0.339113
-0.0230709   0.158617  0.0604519 -0.0850303    1.54616   0.669974 -0.0230709  0.0313155  -0.204759  -0.106594  0.0388884   -1.59231  -0.716115 -0.0230709 -0.0774573
lambda = -4
n_aug = 7
calculate weights = 
-1.33333
0.166667
0.166667
0.166667
0.166667
0.166667
0.166667
0.166667
0.166667
0.166667
0.166667
0.166667
0.166667
0.166667
0.166667
Predicted state mean =
    11.674
   1.31642
   4.98779
  0.340473
-0.0230709
P_ =
   29.4871    3.21179    2.05982    2.28241   0.714369
   3.21179   0.655094  -0.020396   0.519474   0.105762
   2.05982  -0.020396   0.309983  0.0990032 0.00659513
   2.28241   0.519474  0.0990032    0.60557   0.184866
  0.714369   0.105762 0.00659513   0.184866    0.99653
End of Prediction step
Preform radar update
 Entering UpdateRadar step
Xsig_pred   5.88916    20.9963    10.9139    8.08282    9.43082    9.47734    5.89528    5.88916   -1.11887    10.4699    6.76849    9.33378    9.24614    5.88304    5.88916
   1.33568    2.16611    2.40275    1.50994    1.38597    1.33974    1.33786    1.33568   0.507378   0.176189    1.14044    1.28115    1.33159    1.33351    1.33568
   4.98779    5.52613    4.44395    5.51397    4.98779    4.98779     5.2476    4.98779    4.44945    5.53163    4.46161    4.98779    4.98779    4.72798    4.98779
  0.340473   0.890052    1.17486    1.20505   0.604636   0.375125   0.340473   0.341832  -0.209106  -0.493914    -0.5241  0.0763093    0.30582   0.340473   0.339113
-0.0230709   0.158617  0.0604519 -0.0850303    1.54616   0.669974 -0.0230709  0.0313155  -0.204759  -0.106594  0.0388884   -1.59231  -0.716115 -0.0230709 -0.0774573
Covert to radar values  6.03873   21.1078   11.1752   8.22265   9.53212   9.57157   6.04518   6.03873   1.22854   10.4714   6.86389    9.4213   9.34153   6.03228   6.03873
  0.22303  0.102803  0.216699   0.18468  0.145917  0.140432  0.223157   0.22303   2.71585 0.0168265  0.166925  0.136407  0.143033  0.222903   0.22303
  4.95343   3.90033   2.55538   2.88411   4.47215   4.85105   5.21153   4.95263  -4.34545    4.8257   3.43808   4.97879   4.92185   4.69534   4.95422
Predicted output 12.1302
0.512909
 2.11138
Measurement covariance maxtrix 21.0162 -4.43207  18.6703
-4.43207 0.966384 -2.97648
 18.6703 -2.97648  8.63948
Measurement covariance maxtrix iwth noise 21.1062 -4.43207  18.6703
-4.43207 0.967284 -2.97648
 18.6703 -2.97648  8.72948
Incoming radar values 1.6983
0.29828
5.20999
End of updateRadar step
x_=  1.4573
 2.52569
 4.90112
 1.42646
0.420169
Process covariance maxtrix =  0.0910222  -0.0152219  0.00756064  -0.0153428 -0.00263564
 -0.0152219    0.697453   -0.123576    0.584824     0.13685
